52 327615 31246 65412 562 147356 3271564 5742 427561 51674  46215 25 74165 735612
26315 135764 42613 416 27643 4671352 765243 41 4217 347216  27643 46321 245763 561437
16742 4375 54 465 751634 156432 14756 76351 7425361 176352  465 351246 562317 756134
5214 72654 465 3156427 74236 673415 45 647125 56217 712536  713654 27546 4652713 25671
4125763 76512 745623 531742 2364 64 53472 147653 26475 476  56217 57246 351764 46572
261475 42753 672435 3162745 725 732164 3625 25 37246 15437  23457 57134 257 37542
153674 4123576 731 427136 73 457216 31754 7563 14523 17654  173 73 37 6471523
251763 536 1745326 36 1364 47135 451673 56274 74635 714235  4536271 421357 26745 745361
37256 41657 643 721463 3254 1542376 34 261735 63745 567342  75634 671324 34 265743
235 564327 527641 326715 24573 35 4653 42567 37142 5436712  3615274 25473 3654 5634
7543621 36247 47536 216437 562741 3254 564 236754 45 16573  26347 17563 6124753 65731
61 47356 76134 24713 632574 654371 1456 6371524 162753 136  756413 5763241 57643 756431
52376 41723 365471 36721 167 175263 2561 4367152 16 542736  327564 13472 164735 6125
765 67 641752 2764 317645 12576 21536 41572 312754 3764521  765 7416235 67 2746
217435 13624 6152374 415 653427 1752 15 42315 456137 75432  451 5127 23415 15342
73516 4173 541 6523174 752416 531647 45136 14 34526 127356  64153 64523 43615 145
1452367 534 53217 271536 37462 165342 72543 315427 1574 54  254317 712536 43762 631254
625341 31276 47 4517 345176 746 2573461 13654 36174 435762  47 54361 756423 7451
762314 416275 643251 47261 42517 52 521 51437 2756 5476312  17254 457162 51742 31547
157243 653472 513 375612 65317 1236 31 4275163 75236 65471  6275314 1263 375621 17356
43 6341 714253 6123745 723641 437 25637 451267 27436 67421  3461 1364527 671425 53627
342176 736 21473 67413 63 327514 6234 45671 531726 7421635  761243 2436 73412 6432
364125 61543 65237 1324 126 341765 5247316 247651 21 25163  612 216435 413265 612
517 365421 1537462 451672 17342 7563 57 745163 53147 35461  654123 72143 21347 75314
67315 162453 314 54612 35461 3462 243517 264517 6475321 43  53176 43 645312 34156
635724 417562 426 37624 516347 42173 36457 7532164 62 5632  26 56374 74356 726543
472365 41756 632147 64357 5623 5472631 451273 53 32467 753  65174 4216753 64732 2471536
67234 417356 62 257613 32475 236 71364 716243 7261435 1462  263 23476 451736 67423
716425 75621 26 724153 61537 2376514 2746 562 136245 74521  253174 26 2467 62
16 1743625 157623 1746 46235 13426 612 541273 34127 742163  4176 61 24635 267431
546721 54276 162 25143 7234615 4671 167352 16 54216 756234  567321 521746 42765 61
65321 46 426 4356721 4716 15624 453276 234517 25714 451627  132547 457123 645237 45127
3712546 124 415276 7245 42 241563 653714 31762 71246 54671  71263 37216 2517346 316475
56472 625 143265 546271 3167245 756431 25 5172 72643 75164  52 5127 2571 126745
36147 265137 715 534671 47351 612437 5672134 15324 75 6547  143756 647153 746135 736142
7124 634217 317625 451673 43216 14 24563 431 4325617 23176  61342 735146 4172 23167
143 512634 532714 4612 25463 54361 53167 653247 6415273 14  314526 57316 71536 65243
76412 34 173256 3546 531246 52136 6524731 423751 62431 432  61243 632415 13526 43
21734 741263 437 675342 43 4632157 32175 46721 4361 462571  43 5726314 76421 473
452 25134 34271 724635 3576241 127354 25 413627 1725 36541  762314 452 524 371452
56217 725 721563 1425637 72 2137 562134 54167 274653 12365  2137 76514 46517 426735
742651 413762 4132675 67352 34 16542 563421 23654 342 5314  746132 247651 53726 5341
315426 4375 12743 736215 6342715 237 123547 27461 37 45321  134725 37 723 5364127
14635 245671 1347652 61457 753421 7526 263174 167 52471 67  24175 67 541627 671425
762453 31246 431 6731 72346 31 62154 317246 6172354 514732  13 214537 16245 234657
743 17254 14273 12763 5127634 1364 43 753642 365172 731624  6413 25147 731624 34127
36 5376142 531247 257316 26143 612473 42137 3746 26145 362  41623 31472 2536417 326
641 12765 731426 3415 576314 265437 73654 14 46571 6745132  37456 5632741 6274531 5134
56 526314 43517 137246 653 2176543 6257 53746 524637 26734  56374 2756 64372 76324
7142536 247351 62 216547 263417 2463 15673 41273 61372 216  126 146527 621 24173
167352 46321 3452 7164532 236 546321 23 15463 64271 631547  6254731 563741 521367 451236
7562314 37624 31746 461 61 741562 6123 356472 15473 723461  451627 31574 5261437 461
26354 741263 42513 167435 6572 4673152 574236 635 65 42637  26435 345761 134576 25643
542 256341 61234 54 14235 3621574 623714 3546 73152 175246  657412 254 6715342 164532
6251 752413 72451 625174 74612 61 461 1463572 153647 27346  615247 3624751 42376 14276
513 371256 15276 37245 4652317 561423 15723 415627 6137 31  6317 512637 315 37245
35 635 74562 7531 43657 16437 763451 5312746 726413 354162  73564 634175 74136 75634
6243751 61237 52167 765312 675 7523 246317 45216 57 674531  13762 21367 37261 76251
13452 735421 25613 2134756 76253 624531 163 643517 61 4126  215743 75362 476531 2163475
46723 4517632 3671 41273 617254 362741 265437 17 127 14352  7463521 37412 42351 71
531627 75 657 31456 4536127 2574 75164 467132 764152 72164  41356 75 756 61547
712534 53417 54123 6432715 524163 2347 721456 47 36175 547  372145 3274 3742 5462731
2531 27514 625374 6217345 32 723 576412 47613 47213 512374  71524 43167 4275631 1253
23651 514 35241 624375 471235 75423 634175 41 4316527 2147  32754 157634 4217 1742
356174 762543 6173 13542 563 156247 16345 63 71654 6527413  651247 351674 513647 651743
425761 1564327 216534 34 361754 26145 65243 1432 436 36275  34 21465 4231 247615
4361 516 154763 1537264 56317 61 541267 657423 37546 17253  35172 362457 712546 61
42 514726 41763 725643 572316 2457163 4523 624 23476 65732  763542 5243 517264 5324
32 3721645 436572 346715 6132 237 45712 756132 31567 37251  45721 267543 57132 57361
72364 412765 1253674 251736 37 7314 27146 64532 216473 723  125746 417652 34526 73246
261543 451276 15326 67321 53 2456137 1543 632745 42165 235  7634251 62415 243156 53
2541673 473261 523 16732 36145 7521 452637 376251 35126 52  61543 5271 2571 2157
46517 13574 315 27431 745612 53 3564 3147562 514637 612375  615372 75416 531 153
1276 3752461 46312 14367 342716 243567 563471 462 26 12534  765143 21534 734516 265743
32745 576143 41653 1246 321 21 167532 24513 154236 1453627  51463 45237 123 21
534672 145376 63754 3256 2435176 245 14723 32745 726514 52  174356 461275 52 354617
472 27 476153 56147 25417 1627 2176435 263574 54123 175264  256471 47251 43512 52147
3625 17542 237 13567 1357642 271653 15327 716354 127634 32  372146 146732 7613254 345176
71463 217 137426 126735 26741 654317 4635712 72 64521 7423  236715 65214 27 217
32156 6751 712643 613 357421 53127 64523 3517642 16 715623  763214 423175 32156 631
2135 24365 267543 162 312465 12 15746 25614 1753264 463712  12 352764 2135 6472513
1762 27314 54731 253641 312674 756432 21 3124756 23467 214  34127 41357 241 27643
325614 7362145 24376 54316 714 136574 465172 71 7351 34176  741 17 174 71
173 14753 31 37465 2643157 346275 354671 54172 132756 6134  12745 2463157 74125 731
57341 45732 6123745 671524 25 764513 5312 245 76342 547213  425 167245 5312 452
456271 2357 312756 3147256 17562 467321 25316 43516 23 321  71526 31652 23 461372
25417 246351 462137 5647 52371 1254637 47 15624 724615 247  31527 4572316 723641 56142
52 21346 245 2571 746153 41537 4163275 134275 34125 534672  17534 52 542 245
71234 431625 541372 21435 7435621 67123 432765 47 4175 472  47 3516742 467253 351427
13542 751432 3164 546 643572 42615 463125 64 1764235 17265  14625 432156 4316 51762
4762 415236 71354 412 5372614 512673 42 712546 67521 17254  24 24 135462 6342571
41526 256413 76 2453617 5762 712564 146723 67541 674 34175  17543 67 642513 456312
23741 572413 276 4726135 317246 1632 62 536472 54761 71426  623574 573264 147632 472153
45 52361 453 2135746 164253 537216 63154 31674 2645 354127  345172 3671245 6254 2754631
34726 375426 3456 21357 56 462137 256 57236 465172 2167345  72635 624317 631274 56
6213 562471 75243 63 26573 2736514 463571 215367 16752 376  1437256 123756 637 2136
517426 45 213674 12635 46712 46125 365741 2547 645 3521746  467135 367421 4572 2754
356127 23674 45327 6437512 34215 357 275634 5674 57 367412  26743 624371 735 14532
537124 5274 743 641573 42316 6357412 13752 17432 512673 74  7421653 5613247 275163 46132
572613 127 67531 671543 42657 3215 132674 75612 21 2634751  712 12 562731 1532647
5147362 75 15724 354176 41762 651234 123754 42531 3572 574  45231 614325 21547 75
317652 54123 74 764125 3467 4573612 27361 472136 72341 472  74 265137 165472 42153
21 2614 65237 453167 64513 6473125 231 124563 713245 23561  214735 321 51326 23165
13 35461 245376 47651 672413 4671235 1235 54362 315624 613  716324 536724 627345 61574
26 51634 31527 6732 4362157 126 261574 325174 215673 13562  7423561 32517 612 261
732 52374 3642157 416375 35467 476235 21453 2576 72 327461  6715243 72435 7265 164327
76243 413 245176 415236 753416 63714 7531 31 71654 6234715  216345 47263 145236 73146
532716 314562 53 4523 2734156 135 53164 574621 15426 61374  53 531 563172 26154
156 6214 52137 16352 16 654327 26354 3714625 632145 715346  273456 12735 564237 15237
316245 21 3126 17654 53624 7652413 425173 125 327546 64215  125 741352 521 251
32467 527 54176 25 315724 3247615 67524 3562 352746 324761  254731 25 624375 5412367
5271 324167 3167524 52 154726 536724 63154 51624 254 14762  31564 26471 43651 347126
5674213 12 47362 127 16547 6152 425761 413576 24176 417325  62374 7132465 34276 12
71 42631 1375 546712 712 17632 312675 264375 4765132 56732  17 62537 17 263751
643725 214 36271 351462 245137 24163 5243716 23564 41 1645  756423 4156 6145 16342
431726 32756 127 12 65174 251736 362574 3215 65712 7425136  721 52761 12 653472
34275 156342 65231 651472 5174263 53276 7163 726 521367 67  76 756214 76 4253167
472 564712 253671 15273 74 3745 352174 21734 3524716 16243  17324 47 724 7453
4316527 52471 4573 537124 275 463712 561273 65142 71423 75  21437 137542 14526 21475
1572643 61 617524 46513 615 514372 54763 2361 125634 24135  6231 534261 1753462 43615
724351 7361 5341627 21765 273 53642 75326 671542 126735 37  421675 271564 54326 61527
3645712 427361 526 65 63152 653421 32175 12364 762514 3564  63251 56 65 23516
465271 645 2764 64 743251 352164 47125 65714 3451762 13675  67531 345127 743512 64
67541 634572 742156 4263571 614 13657 671243 2154 41 47652  74561 164 13675 56724
415327 135 123764 4325761 56317 4165 15 32576 76341 175436  154273 71356 714635 57632
46132 57413 415372 352 25 257163 5472 3145267 54321 576314  123574 3642175 13246 1573624
34615 167354 42713 635214 764251 21436 62 1436527 3256 264  216745 257614 27341 152634
7135 512476 73546 761543 56243 547 75 7132654 46371 367241  1375 57 46357 756214
12436 245761 2754631 35 75164 465173 543 15463 6573 713425  436157 534 345 157624
574236 174623 7134526 453 74362 75241 53 416523 3765 43572  3625147 567423 735264 534
41675 13567 5372 361742 5263174 37612 53 536 154362 132567  2537 53 753216 1467253
214 41673 37524 562437 3254761 37124 265174 12 475321 3251  5436127 61437 421 76341
435617 23174 53617 7613245 673152 36172 162 562174 5362 26  164537 521746 2365 62
1547326 413567 26735 476523 423617 62 35674 71235 263 6254  137462 26573 75123 547613
46 1524736 74321 63214 324175 243176 451736 6427 15623 164  34621 46 35261 416
54376 265147 26451 27 76254 7621 5163427 436152 275 457231  257341 15264 6217 65473
4267153 236 5432 12657 57632 672431 731654 23 263475 34657  4756321 367245 53476 32
5167 72416 73124 653241 4752316 346527 146725 276 76 24651  73142 6175 7156 164352
4521763 32461 7523 367154 73 157642 346527 52746 367 23476  5162437 4765231 451637 714563
147 12354 62571 47 125736 6745 3657142 74125 157624 742136  12534 167235 741263 417
56137 6172 5274631 463125 734251 61 621357 35764 75132 631  54763 631 61 37521
621437 315247 57624 64732 74231 623 5742136 6134 63 573216  13472 576231 723541 76324
14675 2651 62 617243 246 546217 53427 67254 4271635 537146  42567 24576 157346 645173
52743 16537 436752 726 3624 421537 26 53267 1764532 427651  1672345 75623 62 735246
671 56412 674351 2173 627351 76523 1243576 327645 76251 71  473516 761 17 32567
7514 4615273 17 673514 41356 645321 14736 673251 371 27463  61354 67234 276513 617325
2461357 716234 3615 41527 75346 54317 345761 371 532746 13  74531 173 6135 13
42736 57 21465 547236 725 1562743 512637 476213 4537 67452  367214 12465 51246 572
632714 7631425 5142 23146 365421 235 25 65374 371256 56432  673125 5214 5421 643271
46 25476 237546 231574 4376 513246 52347 462 1754632 57612  4376 642 54273 5741362
61342 531 635174 36521 4325 623514 53 164273 1347265 25761  645173 35 153 53
536214 7412563 542 25 2357 12467 413756 72154 35417 352471  52 14762 73145 5732
175426 357241 126 51673 62 452163 71526 5146237 25741 2764  71365 15742 71536 12457
162354 15 561 34526 35126 5137624 72163 3154 725614 254736  423765 615 13726 36215
62541 361527 172436 7215346 417 765341 76123 74 2374 41672  4162537 46521 46152 764321
413625 4326715 124 21 64752 3261 571432 54126 64531 751346  7324156 42561 2613 41265
375162 6435 716423 54731 4213576 563174 375 21547 74163 35  2364571 35 53 3564
42 513746 274 73214 1643527 637254 4612 15273 462371 63174  17346 427 716324 653174
6475 374 514632 74 72643 23671 3256147 36245 451237 723564  4765 136524 62347 534172
73564 624 42 56742 327651 2514 364271 25761 2674513 674521  123764 426 61275 642
56734 13 516324 256173 2431657 65721 1372 631 71563 521647  56317 2173 31 752164
72 274 23417 14532 542617 3451726 365412 13647 517423 3752  43172 1367542 427 427
764513 765 6251 21375 237165 2537461 23765 56 573214 62437  26473 736521 147352 675
234 43 476321 517342 3271654 47265 43527 651327 3451 13275  72564 427613 724163 1435
24 42576 274 751423 67534 16527 6217345 273645 4263 513746  24 742 42 73546
164372 32516 25416 46275 412 3246517 41 641352 375261 4531  57642 124 641235 7365412
2346157 162573 43215 4562 34157 461325 325 52 637124 12346  523 31542 31547 25
473652 42567 53674 275 216537 671435 52 3425 4573621 71426  25 1357426 347625 12764
12 764215 41765 17462 214 613745 76243 4136752 1527 426315  7125 267415 315462 2375146
36145 17635 521346 645 324671 235467 4536217 41326 1452 45  62341 53164 156432 61357
725641 6415732 32417 51324 351 356174 426135 5623 42516 35  54261 615342 5236 7463512
672514 73425 21 14657 27415 1652 314762 214 2375641 675413  341627 65174 12475 7362145
3265 41352 453617 425631 17452 23 13654 5762134 216473 342  423 4261537 45316 763412
516473 6342 72415 32 37214 651372 3714652 346271 123 67431  216347 314675 21574 263741
612754 364251 21453 123 56142 71345 6423 32 621753 5123764  34152 32451 26154 15234
723 146523 5341762 532741 7531 51243 42735 54267 73 124736  73 6571423 1753 73
34762 325417 43756 735614 357 147526 3451762 46751 1365 35  345271 53 43756 35
31 74621 71436 465372 361457 5143 162357 613 4163725 45376  45376 54763 2743165 153746
124375 315 26537 563421 26541 7314652 13 61523 672154 6314  15263 31 31 15236
23167 31652 52 651427 637145 634251 4175362 5342 125 46153  635714 3267541 2341576 631452
2537 76241 715 5763412 75 451326 543617 173425 71452 23154  74125 3572 432715 12435
146523 642371 75312 762415 47 3467 427 63142 21347 7543126  57213 4261357 74 47
523764 17425 6124 563271 3627154 472 647512 56721 42 13475  42 37514 2713465 372564
436271 54217 15 125 64725 47231 1354 261357 721345 1463275  75642 3451 34721 26475
427356 1356 325 3265471 45312 135642 642371 35 72154 42613  35 653124 41523 523476
42 43216 5736214 624531 5243 572614 32176 264 536174 15643  417625 3452 362514 61234
621743 71623 15324 627513 63124 6473 164 64 7623451 725164  641 51342 425761 4736
476512 612374 67 672 31762 4376 43126 346152 6473251 23157  14623 427631 234167 762
21573 24 415673 61473 7642 324 521364 342716 4731256 37214  4152637 632154 24 376124
3162745 346 64715 25134 36 14635 3657 176324 643157 746152  5346721 56431 13425 34125
146352 27 7425163 27165 634257 657231 76415 31652 3217 257  57164 564321 761325 2371
62741 367241 67452 5217 354216 542 52 7165342 73564 672514  5172 47265 453162 14672
756324 51647 3421756 15763 47 726315 476 15642 4713 147356  4731 651723 47 175634
426531 52316 317 716352 7312564 2671 71 147365 53472 15372  7423165 173 371 16235
534261 3524716 564271 21763 713254 34 3465 42631 52416 413  41526 5364 4653 3654
17356 26 162354 214537 546723 5671243 65723 32754 625 2647  4762 624531 417352 73254
415672 32157 3574 751 362714 26351 57 6145327 254173 12437  157 75 756412 75
76231 213 152364 423617 745136 23 74163 4723 52167 5327461  321 4732 3247 512643
42573 713624 357612 7125643 23765 56 26173 657 647512 6513  126437 1653 742651 6471352
26351 34 345 4362517 71254 657431 6432 127536 52431 612345  56213 265173 312465 367125
